15
16
20
22
26
26
26
28
29
29
30
31
35
35
38
39
42
43
44
44
45
46
46
48
48
48
49
49
53
54
55
55
56
57
57
58
58
59
60
60
62
62
62
62
64
65
65
65
66
67
68
69
69
69
70
70
70
70
71
71
71
71
71
72
73
73
73
73
73
73
73
74
74
74
74
74
74
74
75
76
76
76
76
76
76
76
76
76
77
78
78
79
79
79
79
80
80
80
80
80
80
80
80
81
81
81
82
82
82
82
83
83
83
84
84
84
84
84
84
84
84
85
85
85
85
85
86
86
86
86
86
86
86
86
86
87
87
87
87
87
87
88
88
88
88
88
88
88
88
88
88
88
88
89
89
89
89
89
89
89
89
89
89
90
90
90
90
