17
21
23
24
25
27
27
27
29
30
30
31
32
36
36
38
39
40
40
41
41
43
43
44
44
45
45
47
47
47
49
49
49
49
50
50
52
54
54
54
55
55
56
57
57
58
58
58
59
59
59
61
61
63
63
63
63
63
66
66
66
67
68
68
68
68
69
69
69
70
70
70
71
71
71
71
71
72
72
72
72
72
72
72
72
73
73
74
74
74
74
74
74
74
74
74
75
75
75
75
75
75
75
75
76
77
77
77
77
77
77
77
77
77
77
77
77
78
78
78
78
78
79
79
79
79
79
79
79
79
80
80
80
80
81
81
81
81
81
81
81
81
82
82
82
82
83
83
83
83
83
84
84
84
85
85
85
85
85
85
85
86
86
86
86
86
87
87
87
87
87
87
87
87
87
88
88
88
88
88
88
89
89
89
89
89
89
89
89
89
89
89
89
89
90
90
90
90
90
90
90
90
90
90
90
90
90
90
91
91
91
91
