20
25
29
30
41
46
48
48
49
50
51
52
56
56
56
57
57
58
59
59
60
61
62
63
65
65
66
66
67
68
68
69
70
70
71
71
71
71
71
72
72
73
73
73
74
74
74
74
74
75
75
75
75
75
75
75
76
76
76
76
76
76
77
77
77
78
78
78
78
78
78
78
79
79
79
80
80
80
80
80
80
81
81
81
81
81
81
81
81
81
81
82
82
82
82
82
82
82
82
82
82
83
83
83
83
83
83
83
83
83
83
83
84
84
84
84
84
84
84
84
84
85
85
85
85
85
85
85
85
85
86
86
86
86
86
86
86
86
86
86
86
86
86
87
87
87
87
87
87
87
88
88
88
88
88
88
88
88
88
88
88
88
88
88
88
88
89
89
89
89
89
89
89
89
89
89
89
89
89
89
90
90
90
90
90
90
90
90
90
90
90
