3
5
7
7
10
11
11
14
16
17
19
20
21
22
22
22
22
24
24
25
26
26
26
27
27
28
28
31
31
32
34
34
35
36
36
37
37
38
39
39
40
40
42
42
42
43
43
43
45
45
46
48
48
48
49
49
51
51
52
52
53
53
55
55
55
55
56
56
57
57
57
57
58
58
58
59
59
59
60
60
60
60
60
60
61
61
61
62
62
62
63
63
63
63
63
63
64
65
65
65
65
66
66
66
66
66
67
67
68
68
68
68
68
69
69
69
69
70
70
70
70
70
70
71
71
71
71
72
72
72
72
72
73
73
73
73
74
74
74
74
74
75
75
75
75
75
75
76
76
76
77
77
77
77
78
78
78
78
78
78
78
79
79
79
79
79
79
79
79
79
79
79
80
80
80
81
81
81
81
81
82
82
83
83
83
83
83
84
84
84
84
84
84
84
84
84
84
85
85
85
85
85
85
85
85
85
86
86
86
86
86
86
86
86
86
86
86
87
87
87
87
87
87
87
87
87
87
87
87
88
88
88
88
88
88
88
88
88
88
89
89
89
89
89
89
89
89
89
90
90
90
90
90
90
90
90
90
90
90
90
